TP: 444
TN: 96
FP: 13
FN: 192

Precision: 0.9715536105032823
Recall: 0.6981132075471698
F1 score: 0.8124428179322963